<?xml version="1.0" encoding="utf-8"?><svg xmlns="http://www.w3.org/2000/svg" xmlns:xlink="http://www.w3.org/1999/xlink" width="1597" height="772" preserveAspectRatio="xMidYMid" viewBox="0 0 1597 772" style="z-index:1;margin-right:-2px;display:block;background-repeat-y:initial;background-repeat-x:initial;background-color:rgb(34, 11, 9);animation-play-state:paused" ><g transform="translate(798.5,386) scale(1,1) translate(-798.5,-386)" style="transform:matrix(1, 0, 0, 1, 0, 0);animation-play-state:paused" ><style type="text/css" style="animation-play-state:paused" >@keyframes ld-fall {
    0%    { transform: translate(0,0px) rotate3d(1,1,1,0deg); }
    16.6% { transform: translate(0,130.66666666666666px) rotate3d(1,1,1,180deg); }
    33.3% { transform: translate(0,261.3333333333333px) rotate3d(1,1,1,360deg); }
    50.0% { transform: translate(0,392px) rotate3d(1,1,1,540deg); }
    66.6% { transform: translate(0,522.6666666666666px) rotate3d(1,1,1,720deg); }
    83.3% { transform: translate(0,653.3333333333334px) rotate3d(1,1,1,900deg); }
    100%  { transform: translate(0,784px) rotate3d(1,1,1,1080deg) ; }
  }
  .ld.ld-fall {
    animation: ld-fall 4s linear infinite;
  }
  .ld.ld-fall2 {
    animation: ld-fall 4s linear infinite;
    animation-fill-mode: forwards;
  }</style>

  
<g transform="translate(0 684.2849860955442)" style="transform:matrix(1, 0, 0, 1, 0, 684.285);animation-play-state:paused" ><g transform="translate(565.9578331649476 0)" style="transform:matrix(1, 0, 0, 1, 565.958, 0);animation-play-state:paused" ><g class="ld ld-fall2" style="transform:matrix3d(0.822996, 0.4803, -0.303296, 0, -0.303296, 0.822996, 0.4803, 0, 0.4803, -0.303296, 0.822996, 0, 0, 31.0228, 0, 1);animation-play-state:paused;animation-duration:2s;animation-delay:-0.0788232s" ><rect x="-5.743354177377434" y="-3.577063560667148" width="11.486708354754867" height="7.154127121334296" fill="#fd3262" style="transform:matrix(3.29341, 0, 0, 3.29341, 0, 0);animation-play-state:paused" ></rect></g></g>
<g transform="translate(877.1671307742035 0)" style="transform:matrix(1, 0, 0, 1, 877.167, 0);animation-play-state:paused" ><g class="ld ld-fall2" style="transform:matrix3d(0.193295, 0.967822, -0.161116, 0, -0.161116, 0.193295, 0.967822, 0, 0.967822, -0.161116, 0.193295, 0, 0, 596.802, 0, 1);animation-play-state:paused;animation-duration:4s;animation-delay:-3.043s" ><rect x="-4.170793692838937" y="-3.6816000342818747" width="8.341587385677874" height="7.363200068563749" fill="#f0c3a9" style="transform:matrix(2.36137, 0, 0, 2.36137, 0, 0);animation-play-state:paused" ></rect></g></g>
<g transform="translate(1549.7194224105037 0)" style="transform:matrix(1, 0, 0, 1, 1549.72, 0);animation-play-state:paused" ><g class="ld ld-fall2" style="transform:matrix3d(0.969702, 0.187223, -0.156925, 0, -0.156925, 0.969702, 0.187223, 0, 0.187223, -0.156925, 0.969702, 0, 0, 12.5875, 0, 1);animation-play-state:paused;animation-duration:4s;animation-delay:-0.0639651s" ><rect x="-4.6218537297330755" y="-5.241956878501515" width="9.243707459466151" height="10.48391375700303" fill="#fd3262" style="transform:matrix(2.00791, 0, 0, 2.00791, 0, 0);animation-play-state:paused" ></rect></g></g>
<g transform="translate(1007.3655465162037 0)" style="transform:matrix(1, 0, 0, 1, 1007.37, 0);animation-play-state:paused" ><g class="ld ld-fall2" style="transform:matrix3d(0.824164, -0.302783, 0.478619, 0, 0.478619, 0.824164, -0.302783, 0, -0.302783, 0.478619, 0.824164, 0, 0, 491.751, 0, 1);animation-play-state:paused;animation-duration:4s;animation-delay:-2.5069s" ><rect x="-4.488661563220508" y="-4.489767061535771" width="8.977323126441016" height="8.979534123071542" fill="#fd3262" style="transform:matrix(1.94079, 0, 0, 1.94079, 0, 0);animation-play-state:paused" ></rect></g></g>
<g transform="translate(1472.974925056964 0)" style="transform:matrix(1, 0, 0, 1, 1472.97, 0);animation-play-state:paused" ><g class="ld ld-fall2" style="transform:matrix3d(-0.211592, 0.273191, 0.938401, 0, 0.938401, -0.211592, 0.273191, 0, 0.273191, 0.938401, -0.211592, 0, 0, 417.535, 0, 1);animation-play-state:paused;animation-duration:2s;animation-delay:-1.06488s" ><rect x="-5.160218932747072" y="-5.251917092659491" width="10.320437865494144" height="10.503834185318983" fill="#fd3262" style="transform:matrix(3.39123, 0, 0, 3.39123, 0, 0);animation-play-state:paused" ></rect></g></g>
<g transform="translate(1347.45522870544 0)" style="transform:matrix(1, 0, 0, 1, 1347.46, 0);animation-play-state:paused" ><g class="ld ld-fall2" style="transform:matrix3d(0.448385, -0.29288, 0.844495, 0, 0.844495, 0.448385, -0.29288, 0, -0.29288, 0.844495, 0.448385, 0, 0, 203.214, 0, 1);animation-play-state:paused;animation-duration:4s;animation-delay:-1.03488s" ><rect x="-5.970798449770433" y="-4.642561787284165" width="11.941596899540865" height="9.28512357456833" fill="#e89788" style="transform:matrix(2.57824, 0, 0, 2.57824, 0, 0);animation-play-state:paused" ></rect></g></g>
<g transform="translate(1213.100699843676 0)" style="transform:matrix(1, 0, 0, 1, 1213.1, 0);animation-play-state:paused" ><g class="ld ld-fall2" style="transform:matrix3d(0.410633, 0.86814, -0.278773, 0, -0.278773, 0.410633, 0.86814, 0, 0.86814, -0.278773, 0.410633, 0, 0, 60.4998, 0, 1);animation-play-state:paused;animation-duration:4s;animation-delay:-0.307438s" ><rect x="-5.749025245317157" y="-5.247053357825795" width="11.498050490634315" height="10.49410671565159" fill="#f5c037" style="transform:matrix(2.74608, 0, 0, 2.74608, 0, 0);animation-play-state:paused" ></rect></g></g>
<g transform="translate(854.5575072498564 0)" style="transform:matrix(1, 0, 0, 1, 854.558, 0);animation-play-state:paused" ><g class="ld ld-fall2" style="transform:matrix3d(-0.240173, 0.325721, 0.914452, 0, 0.914452, -0.240173, 0.325721, 0, 0.325721, 0.914452, -0.240173, 0, 0, 414.253, 0, 1);animation-play-state:paused;animation-duration:2s;animation-delay:-1.05654s" ><rect x="-5.558094680884356" y="-4.708292042051414" width="11.116189361768711" height="9.416584084102828" fill="#9d9aca" style="transform:matrix(3.49157, 0, 0, 3.49157, 0, 0);animation-play-state:paused" ></rect></g></g>
<g transform="translate(1350.0027718952208 0)" style="transform:matrix(1, 0, 0, 1, 1350, 0);animation-play-state:paused" ><g class="ld ld-fall2" style="transform:matrix3d(0.988628, -0.100498, 0.11187, 0, 0.11187, 0.988628, -0.100498, 0, -0.100498, 0.11187, 0.988628, 0, 0, 253.64, 0, 1);animation-play-state:paused;animation-duration:4s;animation-delay:-1.29267s" ><rect x="-3.93553637609962" y="-4.805832643532943" width="7.87107275219924" height="9.611665287065886" fill="#ff312d" style="transform:matrix(2.66788, 0, 0, 2.66788, 0, 0);animation-play-state:paused" ></rect></g></g>
<g transform="translate(216.07858945844734 0)" style="transform:matrix(1, 0, 0, 1, 216.079, 0);animation-play-state:paused" ><g class="ld ld-fall2" style="transform:matrix3d(0.457287, 0.838639, -0.295927, 0, -0.295927, 0.457287, 0.838639, 0, 0.838639, -0.295927, 0.457287, 0, 0, 57.5547, 0, 1);animation-play-state:paused;animation-duration:2s;animation-delay:-0.146236s" ><rect x="-3.651809105208338" y="-5.55147976002943" width="7.303618210416676" height="11.10295952005886" fill="#e88432" style="transform:matrix(3.4412, 0, 0, 3.4412, 0, 0);animation-play-state:paused" ></rect></g></g>
<g transform="translate(1540.8485535226118 0)" style="transform:matrix(1, 0, 0, 1, 1540.85, 0);animation-play-state:paused" ><g class="ld ld-fall2" style="transform:matrix3d(0.268847, 0.94022, -0.209066, 0, -0.209066, 0.268847, 0.94022, 0, 0.94022, -0.209066, 0.268847, 0, 0, 592.03, 0, 1);animation-play-state:paused;animation-duration:4s;animation-delay:-3.0186s" ><rect x="-5.426162638673353" y="-4.304847957590919" width="10.852325277346706" height="8.609695915181838" fill="#ff312d" style="transform:matrix(3.0795, 0, 0, 3.0795, 0, 0);animation-play-state:paused" ></rect></g></g>
<g transform="translate(35.45179064737715 0)" style="transform:matrix(1, 0, 0, 1, 35.4518, 0);animation-play-state:paused" ><g class="ld ld-fall2" style="transform:matrix3d(0.998735, -0.034911, 0.0361755, 0, 0.0361755, 0.998735, -0.034911, 0, -0.034911, 0.0361755, 0.998735, 0, 0, 520.105, 0, 1);animation-play-state:paused;animation-duration:4s;animation-delay:-2.65098s" ><rect x="-3.8092922431307206" y="-4.363879039089578" width="7.618584486261441" height="8.727758078179155" fill="#d34c31" style="transform:matrix(1.56433, 0, 0, 1.56433, 0, 0);animation-play-state:paused" ></rect></g></g>
<g transform="translate(1062.4420803928592 0)" style="transform:matrix(1, 0, 0, 1, 1062.44, 0);animation-play-state:paused" ><g class="ld ld-fall2" style="transform:matrix3d(-0.183644, 0.956355, 0.227289, 0, 0.227289, -0.183644, 0.956355, 0, 0.956355, 0.227289, -0.183644, 0, 0, 624.911, 0, 1);animation-play-state:paused;animation-duration:4s;animation-delay:-3.1867s" ><rect x="-4.05243904771647" y="-3.8103041816174255" width="8.10487809543294" height="7.620608363234851" fill="#fd3262" style="transform:matrix(3.47914, 0, 0, 3.47914, 0, 0);animation-play-state:paused" ></rect></g></g>
<g transform="translate(1156.0741080477533 0)" style="transform:matrix(1, 0, 0, 1, 1156.07, 0);animation-play-state:paused" ><g class="ld ld-fall2" style="transform:matrix3d(0.985775, -0.111518, 0.125743, 0, 0.125743, 0.985775, -0.111518, 0, -0.111518, 0.125743, 0.985775, 0, 0, 514.059, 0, 1);animation-play-state:paused;animation-duration:2s;animation-delay:-1.31013s" ><rect x="-3.1345553710153737" y="-5.9685521044059735" width="6.2691107420307475" height="11.937104208811947" fill="#f0c3a9" style="transform:matrix(1.94019, 0, 0, 1.94019, 0, 0);animation-play-state:paused" ></rect></g></g>
<g transform="translate(285.63918798590385 0)" style="transform:matrix(1, 0, 0, 1, 285.639, 0);animation-play-state:paused" ><g class="ld ld-fall2" style="transform:matrix3d(0.977306, -0.138012, 0.160707, 0, 0.160707, 0.977306, -0.138012, 0, -0.138012, 0.160707, 0.977306, 0, 0, 250.45, 0, 1);animation-play-state:paused;animation-duration:4s;animation-delay:-1.27636s" ><rect x="-4.67860082970659" y="-5.219973965803174" width="9.35720165941318" height="10.439947931606348" fill="#e88432" style="transform:matrix(1.8267, 0, 0, 1.8267, 0, 0);animation-play-state:paused" ></rect></g></g>
<g transform="translate(293.3896539349638 0)" style="transform:matrix(1, 0, 0, 1, 293.39, 0);animation-play-state:paused" ><g class="ld ld-fall2" style="transform:matrix3d(-0.332445, 0.696023, 0.636422, 0, 0.636422, -0.332445, 0.696023, 0, 0.696023, 0.636422, -0.332445, 0, 0, 651.186, 0, 1);animation-play-state:paused;animation-duration:4s;animation-delay:-3.32102s" ><rect x="-4.922396678870566" y="-5.478675250747349" width="9.844793357741132" height="10.957350501494698" fill="#e89788" style="transform:matrix(2.88522, 0, 0, 2.88522, 0, 0);animation-play-state:paused" ></rect></g></g>
<g transform="translate(1467.4438542624473 0)" style="transform:matrix(1, 0, 0, 1, 1467.44, 0);animation-play-state:paused" ><g class="ld ld-fall2" style="transform:matrix3d(0.960353, 0.215955, -0.176308, 0, -0.176308, 0.960353, 0.215955, 0, 0.215955, -0.176308, 0.960353, 0, 0, 14.4163, 0, 1);animation-play-state:paused;animation-duration:2s;animation-delay:-0.0366292s" ><rect x="-4.277922403079595" y="-4.586012365362672" width="8.55584480615919" height="9.172024730725344" fill="#f0c3a9" style="transform:matrix(1.79245, 0, 0, 1.79245, 0, 0);animation-play-state:paused" ></rect></g></g>
<g transform="translate(1155.0822812542258 0)" style="transform:matrix(1, 0, 0, 1, 1155.08, 0);animation-play-state:paused" ><g class="ld ld-fall2" style="transform:matrix3d(0.981618, -0.125451, 0.143833, 0, 0.143833, 0.981618, -0.125451, 0, -0.125451, 0.143833, 0.981618, 0, 0, 251.544, 0, 1);animation-play-state:paused;animation-duration:2s;animation-delay:-0.640976s" ><rect x="-3.8192747695523908" y="-4.574283413479463" width="7.6385495391047815" height="9.148566826958927" fill="#fd3262" style="transform:matrix(1.85488, 0, 0, 1.85488, 0, 0);animation-play-state:paused" ></rect></g></g>
<g transform="translate(834.7792958522183 0)" style="transform:matrix(1, 0, 0, 1, 834.779, 0);animation-play-state:paused" ><g class="ld ld-fall2" style="transform:matrix3d(0.91702, 0.320444, -0.237464, 0, -0.237464, 0.91702, 0.320444, 0, 0.320444, -0.237464, 0.91702, 0, 0, 20.9736, 0, 1);animation-play-state:paused;animation-duration:4s;animation-delay:-0.10658s" ><rect x="-5.622424990230122" y="-4.335064949444083" width="11.244849980460245" height="8.670129898888167" fill="#f5c037" style="transform:matrix(2.30458, 0, 0, 2.30458, 0, 0);animation-play-state:paused" ></rect></g></g>
<g transform="translate(1585.331113460061 0)" style="transform:matrix(1, 0, 0, 1, 1585.33, 0);animation-play-state:paused" ><g class="ld ld-fall2" style="transform:matrix3d(0.587934, -0.327556, 0.739622, 0, 0.739622, 0.587934, -0.327556, 0, -0.327556, 0.739622, 0.587934, 0, 0, 734.965, 0, 1);animation-play-state:paused;animation-duration:2s;animation-delay:-1.87466s" ><rect x="-3.795621075054396" y="-3.806097855394545" width="7.591242150108792" height="7.61219571078909" fill="#f0c3a9" style="transform:matrix(1.97465, 0, 0, 1.97465, 0, 0);animation-play-state:paused" ></rect></g></g>
<g transform="translate(136.5144285135 0)" style="transform:matrix(1, 0, 0, 1, 136.514, 0);animation-play-state:paused" ><g class="ld ld-fall2" style="transform:matrix3d(0.384271, 0.883527, -0.267798, 0, -0.267798, 0.384271, 0.883527, 0, 0.883527, -0.267798, 0.384271, 0, 0, 62.1523, 0, 1);animation-play-state:paused;animation-duration:4s;animation-delay:-0.315835s" ><rect x="-3.0845563476152797" y="-3.094671644392986" width="6.1691126952305595" height="6.189343288785972" fill="#fd3262" style="transform:matrix(3.04339, 0, 0, 3.04339, 0, 0);animation-play-state:paused" ></rect></g></g>
<g transform="translate(1158.1277429871493 0)" style="transform:matrix(1, 0, 0, 1, 1158.13, 0);animation-play-state:paused" ><g class="ld ld-fall2" style="transform:matrix3d(-0.209036, 0.940241, 0.268794, 0, 0.268794, -0.209036, 0.940241, 0, 0.940241, 0.268794, -0.209036, 0, 0, 104.856, 0, 1);animation-play-state:paused;animation-duration:2s;animation-delay:-0.26642s" ><rect x="-3.760482902714271" y="-5.947949055772797" width="7.520965805428542" height="11.895898111545595" fill="#e89788" style="transform:matrix(1.90975, 0, 0, 1.90975, 0, 0);animation-play-state:paused" ></rect></g></g>
<g transform="translate(1335.6355559566744 0)" style="transform:matrix(1, 0, 0, 1, 1335.64, 0);animation-play-state:paused" ><g class="ld ld-fall2" style="transform:matrix3d(0.870517, -0.277177, 0.40666, 0, 0.40666, 0.870517, -0.277177, 0, -0.277177, 0.40666, 0.870517, 0, 0, 234.972, 0, 1);animation-play-state:paused;animation-duration:2s;animation-delay:-0.598616s" ><rect x="-5.40547929698786" y="-4.462995316186832" width="10.81095859397572" height="8.925990632373663" fill="#e89788" style="transform:matrix(3.24813, 0, 0, 3.24813, 0, 0);animation-play-state:paused" ></rect></g></g>
<g transform="translate(383.33596578601777 0)" style="transform:matrix(1, 0, 0, 1, 383.336, 0);animation-play-state:paused" ><g class="ld ld-fall2" style="transform:matrix3d(-0.0988448, 0.10982, 0.989024, 0, 0.989024, -0.0988448, 0.10982, 0, 0.10982, 0.989024, -0.0988448, 0, 0, 689.331, 0, 1);animation-play-state:paused;animation-duration:4s;animation-delay:-3.51603s" ><rect x="-3.181619043361403" y="-4.767993680422097" width="6.363238086722806" height="9.535987360844194" fill="#ff312d" style="transform:matrix(3.15779, 0, 0, 3.15779, 0, 0);animation-play-state:paused" ></rect></g></g>
<g transform="translate(78.9187380692843 0)" style="transform:matrix(1, 0, 0, 1, 78.9187, 0);animation-play-state:paused" ><g class="ld ld-fall2" style="transform:matrix3d(-0.165661, 0.199964, 0.965697, 0, 0.965697, -0.165661, 0.199964, 0, 0.199964, 0.965697, -0.165661, 0, 0, 683.488, 0, 1);animation-play-state:paused;animation-duration:2s;animation-delay:-1.74308s" ><rect x="-4.1242761685138625" y="-5.761279364536399" width="8.248552337027725" height="11.522558729072799" fill="#f0c3a9" style="transform:matrix(3.35861, 0, 0, 3.35861, 0, 0);animation-play-state:paused" ></rect></g></g>
<g transform="translate(947.7487003212232 0)" style="transform:matrix(1, 0, 0, 1, 947.749, 0);animation-play-state:paused" ><g class="ld ld-fall2" style="transform:matrix3d(0.959518, 0.218364, -0.177882, 0, -0.177882, 0.959518, 0.218364, 0, 0.218364, -0.177882, 0.959518, 0, 0, 275.902, 0, 1);animation-play-state:paused;animation-duration:4s;animation-delay:-1.40648s" ><rect x="-4.919997286181692" y="-4.850165127575627" width="9.839994572363384" height="9.700330255151254" fill="#fd3262" style="transform:matrix(2.93586, 0, 0, 2.93586, 0, 0);animation-play-state:paused" ></rect></g></g>
<g transform="translate(423.206436172627 0)" style="transform:matrix(1, 0, 0, 1, 423.206, 0);animation-play-state:paused" ><g class="ld ld-fall2" style="transform:matrix3d(0.427485, 0.857821, -0.285306, 0, -0.285306, 0.427485, 0.857821, 0, 0.857821, -0.285306, 0.427485, 0, 0, 582.106, 0, 1);animation-play-state:paused;animation-duration:4s;animation-delay:-2.96787s" ><rect x="-4.7778108328753905" y="-3.529670467579275" width="9.555621665750781" height="7.05934093515855" fill="#fd3262" style="transform:matrix(3.01894, 0, 0, 3.01894, 0, 0);animation-play-state:paused" ></rect></g></g>
<g transform="translate(735.0144104285425 0)" style="transform:matrix(1, 0, 0, 1, 735.014, 0);animation-play-state:paused" ><g class="ld ld-fall2" style="transform:matrix3d(0.911923, -0.242769, 0.330846, 0, 0.330846, 0.911923, -0.242769, 0, -0.242769, 0.330846, 0.911923, 0, 0, 762.377, 0, 1);animation-play-state:paused;animation-duration:2s;animation-delay:-1.94473s" ><rect x="-5.490369558733456" y="-4.8412897237260815" width="10.980739117466912" height="9.682579447452163" fill="#645481" style="transform:matrix(3.05419, 0, 0, 3.05419, 0, 0);animation-play-state:paused" ></rect></g></g>
<g transform="translate(615.8502580125913 0)" style="transform:matrix(1, 0, 0, 1, 615.85, 0);animation-play-state:paused" ><g class="ld ld-fall2" style="transform:matrix3d(0.200906, 0.965392, -0.166298, 0, -0.166298, 0.200906, 0.965392, 0, 0.965392, -0.166298, 0.200906, 0, 0, 334.984, 0, 1);animation-play-state:paused;animation-duration:4s;animation-delay:-1.70852s" ><rect x="-4.579305437866143" y="-4.819006740022788" width="9.158610875732286" height="9.638013480045576" fill="#f0c3a9" style="transform:matrix(2.9625, 0, 0, 2.9625, 0, 0);animation-play-state:paused" ></rect></g></g>
<g transform="translate(1049.2692801575217 0)" style="transform:matrix(1, 0, 0, 1, 1049.27, 0);animation-play-state:paused" ><g class="ld ld-fall2" style="transform:matrix3d(0.541758, -0.319288, 0.77753, 0, 0.77753, 0.541758, -0.319288, 0, -0.319288, 0.77753, 0.541758, 0, 0, 209.225, 0, 1);animation-play-state:paused;animation-duration:4s;animation-delay:-1.06561s" ><rect x="-3.825586843670311" y="-4.27559799318457" width="7.651173687340622" height="8.55119598636914" fill="#f0c3a9" style="transform:matrix(2.17532, 0, 0, 2.17532, 0, 0);animation-play-state:paused" ></rect></g></g></g>

  
<g transform="translate(0 -99.71501390445576)" style="transform:matrix(1, 0, 0, 1, 0, -99.715);animation-play-state:paused" ><g transform="translate(565.9578331649476 0)" style="transform:matrix(1, 0, 0, 1, 565.958, 0);animation-play-state:paused" ><g class="ld ld-fall" style="transform:matrix3d(0.822996, 0.4803, -0.303296, 0, -0.303296, 0.822996, 0.4803, 0, 0.4803, -0.303296, 0.822996, 0, 0, 31.0228, 0, 1);animation-play-state:paused;animation-duration:2s;animation-delay:-0.0788232s" ><rect x="-5.743354177377434" y="-3.577063560667148" width="11.486708354754867" height="7.154127121334296" fill="#fd3262" style="transform:matrix(3.29341, 0, 0, 3.29341, 0, 0);animation-play-state:paused" ></rect></g></g>
<g transform="translate(877.1671307742035 0)" style="transform:matrix(1, 0, 0, 1, 877.167, 0);animation-play-state:paused" ><g class="ld ld-fall" style="transform:matrix3d(0.193295, 0.967822, -0.161116, 0, -0.161116, 0.193295, 0.967822, 0, 0.967822, -0.161116, 0.193295, 0, 0, 596.802, 0, 1);animation-play-state:paused;animation-duration:4s;animation-delay:-3.043s" ><rect x="-4.170793692838937" y="-3.6816000342818747" width="8.341587385677874" height="7.363200068563749" fill="#f0c3a9" style="transform:matrix(2.36137, 0, 0, 2.36137, 0, 0);animation-play-state:paused" ></rect></g></g>
<g transform="translate(1549.7194224105037 0)" style="transform:matrix(1, 0, 0, 1, 1549.72, 0);animation-play-state:paused" ><g class="ld ld-fall" style="transform:matrix3d(0.969702, 0.187223, -0.156925, 0, -0.156925, 0.969702, 0.187223, 0, 0.187223, -0.156925, 0.969702, 0, 0, 12.5875, 0, 1);animation-play-state:paused;animation-duration:4s;animation-delay:-0.0639651s" ><rect x="-4.6218537297330755" y="-5.241956878501515" width="9.243707459466151" height="10.48391375700303" fill="#fd3262" style="transform:matrix(2.00791, 0, 0, 2.00791, 0, 0);animation-play-state:paused" ></rect></g></g>
<g transform="translate(1007.3655465162037 0)" style="transform:matrix(1, 0, 0, 1, 1007.37, 0);animation-play-state:paused" ><g class="ld ld-fall" style="transform:matrix3d(0.824164, -0.302783, 0.478619, 0, 0.478619, 0.824164, -0.302783, 0, -0.302783, 0.478619, 0.824164, 0, 0, 491.751, 0, 1);animation-play-state:paused;animation-duration:4s;animation-delay:-2.5069s" ><rect x="-4.488661563220508" y="-4.489767061535771" width="8.977323126441016" height="8.979534123071542" fill="#fd3262" style="transform:matrix(1.94079, 0, 0, 1.94079, 0, 0);animation-play-state:paused" ></rect></g></g>
<g transform="translate(1472.974925056964 0)" style="transform:matrix(1, 0, 0, 1, 1472.97, 0);animation-play-state:paused" ><g class="ld ld-fall" style="transform:matrix3d(-0.211592, 0.273191, 0.938401, 0, 0.938401, -0.211592, 0.273191, 0, 0.273191, 0.938401, -0.211592, 0, 0, 417.535, 0, 1);animation-play-state:paused;animation-duration:2s;animation-delay:-1.06488s" ><rect x="-5.160218932747072" y="-5.251917092659491" width="10.320437865494144" height="10.503834185318983" fill="#fd3262" style="transform:matrix(3.39123, 0, 0, 3.39123, 0, 0);animation-play-state:paused" ></rect></g></g>
<g transform="translate(1347.45522870544 0)" style="transform:matrix(1, 0, 0, 1, 1347.46, 0);animation-play-state:paused" ><g class="ld ld-fall" style="transform:matrix3d(0.448385, -0.29288, 0.844495, 0, 0.844495, 0.448385, -0.29288, 0, -0.29288, 0.844495, 0.448385, 0, 0, 203.214, 0, 1);animation-play-state:paused;animation-duration:4s;animation-delay:-1.03488s" ><rect x="-5.970798449770433" y="-4.642561787284165" width="11.941596899540865" height="9.28512357456833" fill="#e89788" style="transform:matrix(2.57824, 0, 0, 2.57824, 0, 0);animation-play-state:paused" ></rect></g></g>
<g transform="translate(1213.100699843676 0)" style="transform:matrix(1, 0, 0, 1, 1213.1, 0);animation-play-state:paused" ><g class="ld ld-fall" style="transform:matrix3d(0.410633, 0.86814, -0.278773, 0, -0.278773, 0.410633, 0.86814, 0, 0.86814, -0.278773, 0.410633, 0, 0, 60.4998, 0, 1);animation-play-state:paused;animation-duration:4s;animation-delay:-0.307438s" ><rect x="-5.749025245317157" y="-5.247053357825795" width="11.498050490634315" height="10.49410671565159" fill="#f5c037" style="transform:matrix(2.74608, 0, 0, 2.74608, 0, 0);animation-play-state:paused" ></rect></g></g>
<g transform="translate(854.5575072498564 0)" style="transform:matrix(1, 0, 0, 1, 854.558, 0);animation-play-state:paused" ><g class="ld ld-fall" style="transform:matrix3d(-0.240173, 0.325721, 0.914452, 0, 0.914452, -0.240173, 0.325721, 0, 0.325721, 0.914452, -0.240173, 0, 0, 414.253, 0, 1);animation-play-state:paused;animation-duration:2s;animation-delay:-1.05654s" ><rect x="-5.558094680884356" y="-4.708292042051414" width="11.116189361768711" height="9.416584084102828" fill="#9d9aca" style="transform:matrix(3.49157, 0, 0, 3.49157, 0, 0);animation-play-state:paused" ></rect></g></g>
<g transform="translate(1350.0027718952208 0)" style="transform:matrix(1, 0, 0, 1, 1350, 0);animation-play-state:paused" ><g class="ld ld-fall" style="transform:matrix3d(0.988628, -0.100498, 0.11187, 0, 0.11187, 0.988628, -0.100498, 0, -0.100498, 0.11187, 0.988628, 0, 0, 253.64, 0, 1);animation-play-state:paused;animation-duration:4s;animation-delay:-1.29267s" ><rect x="-3.93553637609962" y="-4.805832643532943" width="7.87107275219924" height="9.611665287065886" fill="#ff312d" style="transform:matrix(2.66788, 0, 0, 2.66788, 0, 0);animation-play-state:paused" ></rect></g></g>
<g transform="translate(216.07858945844734 0)" style="transform:matrix(1, 0, 0, 1, 216.079, 0);animation-play-state:paused" ><g class="ld ld-fall" style="transform:matrix3d(0.457287, 0.838639, -0.295927, 0, -0.295927, 0.457287, 0.838639, 0, 0.838639, -0.295927, 0.457287, 0, 0, 57.5547, 0, 1);animation-play-state:paused;animation-duration:2s;animation-delay:-0.146236s" ><rect x="-3.651809105208338" y="-5.55147976002943" width="7.303618210416676" height="11.10295952005886" fill="#e88432" style="transform:matrix(3.4412, 0, 0, 3.4412, 0, 0);animation-play-state:paused" ></rect></g></g>
<g transform="translate(1540.8485535226118 0)" style="transform:matrix(1, 0, 0, 1, 1540.85, 0);animation-play-state:paused" ><g class="ld ld-fall" style="transform:matrix3d(0.268847, 0.94022, -0.209066, 0, -0.209066, 0.268847, 0.94022, 0, 0.94022, -0.209066, 0.268847, 0, 0, 592.03, 0, 1);animation-play-state:paused;animation-duration:4s;animation-delay:-3.0186s" ><rect x="-5.426162638673353" y="-4.304847957590919" width="10.852325277346706" height="8.609695915181838" fill="#ff312d" style="transform:matrix(3.0795, 0, 0, 3.0795, 0, 0);animation-play-state:paused" ></rect></g></g>
<g transform="translate(35.45179064737715 0)" style="transform:matrix(1, 0, 0, 1, 35.4518, 0);animation-play-state:paused" ><g class="ld ld-fall" style="transform:matrix3d(0.998735, -0.034911, 0.0361755, 0, 0.0361755, 0.998735, -0.034911, 0, -0.034911, 0.0361755, 0.998735, 0, 0, 520.105, 0, 1);animation-play-state:paused;animation-duration:4s;animation-delay:-2.65098s" ><rect x="-3.8092922431307206" y="-4.363879039089578" width="7.618584486261441" height="8.727758078179155" fill="#d34c31" style="transform:matrix(1.56433, 0, 0, 1.56433, 0, 0);animation-play-state:paused" ></rect></g></g>
<g transform="translate(1062.4420803928592 0)" style="transform:matrix(1, 0, 0, 1, 1062.44, 0);animation-play-state:paused" ><g class="ld ld-fall" style="transform:matrix3d(-0.183644, 0.956355, 0.227289, 0, 0.227289, -0.183644, 0.956355, 0, 0.956355, 0.227289, -0.183644, 0, 0, 624.911, 0, 1);animation-play-state:paused;animation-duration:4s;animation-delay:-3.1867s" ><rect x="-4.05243904771647" y="-3.8103041816174255" width="8.10487809543294" height="7.620608363234851" fill="#fd3262" style="transform:matrix(3.47914, 0, 0, 3.47914, 0, 0);animation-play-state:paused" ></rect></g></g>
<g transform="translate(1156.0741080477533 0)" style="transform:matrix(1, 0, 0, 1, 1156.07, 0);animation-play-state:paused" ><g class="ld ld-fall" style="transform:matrix3d(0.985775, -0.111518, 0.125743, 0, 0.125743, 0.985775, -0.111518, 0, -0.111518, 0.125743, 0.985775, 0, 0, 514.059, 0, 1);animation-play-state:paused;animation-duration:2s;animation-delay:-1.31013s" ><rect x="-3.1345553710153737" y="-5.9685521044059735" width="6.2691107420307475" height="11.937104208811947" fill="#f0c3a9" style="transform:matrix(1.94019, 0, 0, 1.94019, 0, 0);animation-play-state:paused" ></rect></g></g>
<g transform="translate(285.63918798590385 0)" style="transform:matrix(1, 0, 0, 1, 285.639, 0);animation-play-state:paused" ><g class="ld ld-fall" style="transform:matrix3d(0.977306, -0.138012, 0.160707, 0, 0.160707, 0.977306, -0.138012, 0, -0.138012, 0.160707, 0.977306, 0, 0, 250.45, 0, 1);animation-play-state:paused;animation-duration:4s;animation-delay:-1.27636s" ><rect x="-4.67860082970659" y="-5.219973965803174" width="9.35720165941318" height="10.439947931606348" fill="#e88432" style="transform:matrix(1.8267, 0, 0, 1.8267, 0, 0);animation-play-state:paused" ></rect></g></g>
<g transform="translate(293.3896539349638 0)" style="transform:matrix(1, 0, 0, 1, 293.39, 0);animation-play-state:paused" ><g class="ld ld-fall" style="transform:matrix3d(-0.332445, 0.696023, 0.636422, 0, 0.636422, -0.332445, 0.696023, 0, 0.696023, 0.636422, -0.332445, 0, 0, 651.186, 0, 1);animation-play-state:paused;animation-duration:4s;animation-delay:-3.32102s" ><rect x="-4.922396678870566" y="-5.478675250747349" width="9.844793357741132" height="10.957350501494698" fill="#e89788" style="transform:matrix(2.88522, 0, 0, 2.88522, 0, 0);animation-play-state:paused" ></rect></g></g>
<g transform="translate(1467.4438542624473 0)" style="transform:matrix(1, 0, 0, 1, 1467.44, 0);animation-play-state:paused" ><g class="ld ld-fall" style="transform:matrix3d(0.960353, 0.215955, -0.176308, 0, -0.176308, 0.960353, 0.215955, 0, 0.215955, -0.176308, 0.960353, 0, 0, 14.4163, 0, 1);animation-play-state:paused;animation-duration:2s;animation-delay:-0.0366292s" ><rect x="-4.277922403079595" y="-4.586012365362672" width="8.55584480615919" height="9.172024730725344" fill="#f0c3a9" style="transform:matrix(1.79245, 0, 0, 1.79245, 0, 0);animation-play-state:paused" ></rect></g></g>
<g transform="translate(1155.0822812542258 0)" style="transform:matrix(1, 0, 0, 1, 1155.08, 0);animation-play-state:paused" ><g class="ld ld-fall" style="transform:matrix3d(0.981618, -0.125451, 0.143833, 0, 0.143833, 0.981618, -0.125451, 0, -0.125451, 0.143833, 0.981618, 0, 0, 251.544, 0, 1);animation-play-state:paused;animation-duration:2s;animation-delay:-0.640976s" ><rect x="-3.8192747695523908" y="-4.574283413479463" width="7.6385495391047815" height="9.148566826958927" fill="#fd3262" style="transform:matrix(1.85488, 0, 0, 1.85488, 0, 0);animation-play-state:paused" ></rect></g></g>
<g transform="translate(834.7792958522183 0)" style="transform:matrix(1, 0, 0, 1, 834.779, 0);animation-play-state:paused" ><g class="ld ld-fall" style="transform:matrix3d(0.91702, 0.320444, -0.237464, 0, -0.237464, 0.91702, 0.320444, 0, 0.320444, -0.237464, 0.91702, 0, 0, 20.9736, 0, 1);animation-play-state:paused;animation-duration:4s;animation-delay:-0.10658s" ><rect x="-5.622424990230122" y="-4.335064949444083" width="11.244849980460245" height="8.670129898888167" fill="#f5c037" style="transform:matrix(2.30458, 0, 0, 2.30458, 0, 0);animation-play-state:paused" ></rect></g></g>
<g transform="translate(1585.331113460061 0)" style="transform:matrix(1, 0, 0, 1, 1585.33, 0);animation-play-state:paused" ><g class="ld ld-fall" style="transform:matrix3d(0.587934, -0.327556, 0.739622, 0, 0.739622, 0.587934, -0.327556, 0, -0.327556, 0.739622, 0.587934, 0, 0, 734.965, 0, 1);animation-play-state:paused;animation-duration:2s;animation-delay:-1.87466s" ><rect x="-3.795621075054396" y="-3.806097855394545" width="7.591242150108792" height="7.61219571078909" fill="#f0c3a9" style="transform:matrix(1.97465, 0, 0, 1.97465, 0, 0);animation-play-state:paused" ></rect></g></g>
<g transform="translate(136.5144285135 0)" style="transform:matrix(1, 0, 0, 1, 136.514, 0);animation-play-state:paused" ><g class="ld ld-fall" style="transform:matrix3d(0.384271, 0.883527, -0.267798, 0, -0.267798, 0.384271, 0.883527, 0, 0.883527, -0.267798, 0.384271, 0, 0, 62.1523, 0, 1);animation-play-state:paused;animation-duration:4s;animation-delay:-0.315835s" ><rect x="-3.0845563476152797" y="-3.094671644392986" width="6.1691126952305595" height="6.189343288785972" fill="#fd3262" style="transform:matrix(3.04339, 0, 0, 3.04339, 0, 0);animation-play-state:paused" ></rect></g></g>
<g transform="translate(1158.1277429871493 0)" style="transform:matrix(1, 0, 0, 1, 1158.13, 0);animation-play-state:paused" ><g class="ld ld-fall" style="transform:matrix3d(-0.209036, 0.940241, 0.268794, 0, 0.268794, -0.209036, 0.940241, 0, 0.940241, 0.268794, -0.209036, 0, 0, 104.856, 0, 1);animation-play-state:paused;animation-duration:2s;animation-delay:-0.26642s" ><rect x="-3.760482902714271" y="-5.947949055772797" width="7.520965805428542" height="11.895898111545595" fill="#e89788" style="transform:matrix(1.90975, 0, 0, 1.90975, 0, 0);animation-play-state:paused" ></rect></g></g>
<g transform="translate(1335.6355559566744 0)" style="transform:matrix(1, 0, 0, 1, 1335.64, 0);animation-play-state:paused" ><g class="ld ld-fall" style="transform:matrix3d(0.870517, -0.277177, 0.40666, 0, 0.40666, 0.870517, -0.277177, 0, -0.277177, 0.40666, 0.870517, 0, 0, 234.972, 0, 1);animation-play-state:paused;animation-duration:2s;animation-delay:-0.598616s" ><rect x="-5.40547929698786" y="-4.462995316186832" width="10.81095859397572" height="8.925990632373663" fill="#e89788" style="transform:matrix(3.24813, 0, 0, 3.24813, 0, 0);animation-play-state:paused" ></rect></g></g>
<g transform="translate(383.33596578601777 0)" style="transform:matrix(1, 0, 0, 1, 383.336, 0);animation-play-state:paused" ><g class="ld ld-fall" style="transform:matrix3d(-0.0988448, 0.10982, 0.989024, 0, 0.989024, -0.0988448, 0.10982, 0, 0.10982, 0.989024, -0.0988448, 0, 0, 689.331, 0, 1);animation-play-state:paused;animation-duration:4s;animation-delay:-3.51603s" ><rect x="-3.181619043361403" y="-4.767993680422097" width="6.363238086722806" height="9.535987360844194" fill="#ff312d" style="transform:matrix(3.15779, 0, 0, 3.15779, 0, 0);animation-play-state:paused" ></rect></g></g>
<g transform="translate(78.9187380692843 0)" style="transform:matrix(1, 0, 0, 1, 78.9187, 0);animation-play-state:paused" ><g class="ld ld-fall" style="transform:matrix3d(-0.165661, 0.199964, 0.965697, 0, 0.965697, -0.165661, 0.199964, 0, 0.199964, 0.965697, -0.165661, 0, 0, 683.488, 0, 1);animation-play-state:paused;animation-duration:2s;animation-delay:-1.74308s" ><rect x="-4.1242761685138625" y="-5.761279364536399" width="8.248552337027725" height="11.522558729072799" fill="#f0c3a9" style="transform:matrix(3.35861, 0, 0, 3.35861, 0, 0);animation-play-state:paused" ></rect></g></g>
<g transform="translate(947.7487003212232 0)" style="transform:matrix(1, 0, 0, 1, 947.749, 0);animation-play-state:paused" ><g class="ld ld-fall" style="transform:matrix3d(0.959518, 0.218364, -0.177882, 0, -0.177882, 0.959518, 0.218364, 0, 0.218364, -0.177882, 0.959518, 0, 0, 275.902, 0, 1);animation-play-state:paused;animation-duration:4s;animation-delay:-1.40648s" ><rect x="-4.919997286181692" y="-4.850165127575627" width="9.839994572363384" height="9.700330255151254" fill="#fd3262" style="transform:matrix(2.93586, 0, 0, 2.93586, 0, 0);animation-play-state:paused" ></rect></g></g>
<g transform="translate(423.206436172627 0)" style="transform:matrix(1, 0, 0, 1, 423.206, 0);animation-play-state:paused" ><g class="ld ld-fall" style="transform:matrix3d(0.427485, 0.857821, -0.285306, 0, -0.285306, 0.427485, 0.857821, 0, 0.857821, -0.285306, 0.427485, 0, 0, 582.106, 0, 1);animation-play-state:paused;animation-duration:4s;animation-delay:-2.96787s" ><rect x="-4.7778108328753905" y="-3.529670467579275" width="9.555621665750781" height="7.05934093515855" fill="#fd3262" style="transform:matrix(3.01894, 0, 0, 3.01894, 0, 0);animation-play-state:paused" ></rect></g></g>
<g transform="translate(735.0144104285425 0)" style="transform:matrix(1, 0, 0, 1, 735.014, 0);animation-play-state:paused" ><g class="ld ld-fall" style="transform:matrix3d(0.911923, -0.242769, 0.330846, 0, 0.330846, 0.911923, -0.242769, 0, -0.242769, 0.330846, 0.911923, 0, 0, 762.377, 0, 1);animation-play-state:paused;animation-duration:2s;animation-delay:-1.94473s" ><rect x="-5.490369558733456" y="-4.8412897237260815" width="10.980739117466912" height="9.682579447452163" fill="#645481" style="transform:matrix(3.05419, 0, 0, 3.05419, 0, 0);animation-play-state:paused" ></rect></g></g>
<g transform="translate(615.8502580125913 0)" style="transform:matrix(1, 0, 0, 1, 615.85, 0);animation-play-state:paused" ><g class="ld ld-fall" style="transform:matrix3d(0.200906, 0.965392, -0.166298, 0, -0.166298, 0.200906, 0.965392, 0, 0.965392, -0.166298, 0.200906, 0, 0, 334.984, 0, 1);animation-play-state:paused;animation-duration:4s;animation-delay:-1.70852s" ><rect x="-4.579305437866143" y="-4.819006740022788" width="9.158610875732286" height="9.638013480045576" fill="#f0c3a9" style="transform:matrix(2.9625, 0, 0, 2.9625, 0, 0);animation-play-state:paused" ></rect></g></g>
<g transform="translate(1049.2692801575217 0)" style="transform:matrix(1, 0, 0, 1, 1049.27, 0);animation-play-state:paused" ><g class="ld ld-fall" style="transform:matrix3d(0.541758, -0.319288, 0.77753, 0, 0.77753, 0.541758, -0.319288, 0, -0.319288, 0.77753, 0.541758, 0, 0, 209.225, 0, 1);animation-play-state:paused;animation-duration:4s;animation-delay:-1.06561s" ><rect x="-3.825586843670311" y="-4.27559799318457" width="7.651173687340622" height="8.55119598636914" fill="#f0c3a9" style="transform:matrix(2.17532, 0, 0, 2.17532, 0, 0);animation-play-state:paused" ></rect></g></g></g></g></svg>